156 156
1
1 2
3
1 3
3 2
2 4
1
4 7
3
4 5
5 6
6 7
3
7 9
9 8
8 10
1
7 8
3
10 11
11 12
12 13
1
10 12
1
13 14
3
13 15
15 14
14 16
1
16 19
3
16 17
17 18
18 19
3
19 21
21 20
20 22
1
19 20
3
22 23
23 24
24 25
1
22 24
2
25 79
28 113
2
79 84
113 108
2
84 123
108 141
2
123 122
141 96
2
122 102
113 156
2
102 118
69 102
2
118 119
93 91
2
119 149
91 49
2
149 44
49 59
2
44 54
93 37
2
54 45
37 38
2
45 68
38 59
2
68 97
93 41
2
97 42
41 91
2
42 55
91 103
2
55 73
103 49
2
73 152
49 121
2
152 127
121 59
2
127 81
93 128
2
81 101
128 107
2
101 99
107 59
2
99 98
93 41
2
98 66
41 65
2
66 46
65 95
2
46 92
95 107
2
92 120
107 137
2
120 76
137 91
2
76 139
91 88
2
139 75
88 49
2
75 64
49 151
2
64 85
151 59
2
85 147
93 91
2
147 148
91 41
2
148 78
41 88
2
78 30
88 74
2
30 143
74 121
2
143 155
121 151
2
155 134
151 128
2
134 154
128 65
2
154 125
65 59
2
125 29
93 137
2
29 142
137 103
2
142 131
103 121
2
131 132
121 37
2
132 35
37 41
2
35 144
41 88
2
144 36
88 59
2
36 133
128 156
2
133 72
74 85
1
72 60
1
60 124
1
124 34
1
34 109
1
109 136
1
136 33
1
33 82
1
82 32
1
32 90
1
90 150
1
150 51
1
51 26
1
26 129
1
129 94
1
94 47
1
47 50
1
50 27
1
27 156
1
56 108
1
108 58
1
58 87
1
87 110
1
110 40
1
40 70
1
70 104
1
104 145
1
145 71
1
71 126
1
126 31
1
31 28
1
28 96
1
56 67
1
67 87
1
87 145
1
145 135
1
135 100
1
100 116
1
116 105
1
105 113
1
113 57
1
57 58
1
58 53
1
53 106
1
106 80
1
80 52
1
52 115
1
115 138
1
138 114
1
114 63
1
63 146
1
146 83
1
83 43
1
43 153
1
153 112
1
112 86
1
86 96
1
56 117
1
117 58
1
58 48
1
48 69
1
69 110
1
110 86
1
86 62
1
62 141
1
141 116
1
116 80
1
80 63
1
63 70
1
70 138
1
138 40
1
40 96
1
56 130
1
130 58
1
58 111
1
111 104
1
104 28
1
28 96
1
56 105
1
105 80
1
80 77
1
77 39
1
39 31
1
31 71
1
71 89
1
89 110
1
110 140
1
140 69
1
69 58
1
58 52
1
52 130
1
130 28